netconvert --osm-files mauazona.osm --output-file mauazona.net.xml --geometry.remove --junctions.join

netconvert --sumo-net-file mauazona.net.xml --opendrive-output final_mauazona.xodr


RUA FORA
526.02,259.80 526.86,270.74 527.51,283.77 526.73,310.83 526.81,321.72 525.58,324.68 522.69,326.36 520.01,326.96
526.02,259.80,12 526.86,270.74,12 527.51,283.77,12 526.73,310.83,11.5 526.81,321.72,11.5 525.58,324.68,11 522.69,326.36,11 520.01,326.96,11

RUA DENTRO
520.01,326.96 522.69,326.36 525.58,324.68 526.81,321.72 526.73,310.83 527.51,283.77 526.86,270.74
520.01,326.96,12 522.69,326.36,12 525.58,324.68,12 526.81,321.72,11.5 526.73,310.83,11.5 527.51,283.77,11 526.86,270.74,11